0 0.509250 0.521659 0.715450 0.809878
0 0.795344 0.113632 0.182775 0.112343
0 0.935131 0.124128 0.129737 0.120984
0 0.690375 0.104991 0.137487 0.082709
0 0.237144 0.100056 0.079038 0.072840
1 0.579944 0.665759 0.198775 0.081996
3 0.507031 0.662067 0.011175 0.048051
6 0.521925 0.662170 0.017550 0.047451
15 0.552041 0.661771 0.017419 0.048247
12 0.569528 0.661870 0.016756 0.048051
24 0.587941 0.661373 0.019281 0.047451
23 0.606156 0.662170 0.016887 0.048650
12 0.623631 0.660876 0.018638 0.049250
3 0.648509 0.659873 0.012231 0.049250
6 0.663669 0.660080 0.017288 0.048051
