0 0.126406 0.394299 0.252812 0.407903
0 0.835582 0.414903 0.263898 0.446278
1 0.070090 0.482417 0.088820 0.041222
1 0.831188 0.532160 0.052047 0.052597
0 0.269598 0.269222 0.142305 0.197556
0 0.335953 0.161208 0.110328 0.075333
0 0.806043 0.138521 0.191867 0.277042
0 0.526246 0.558931 0.588445 0.882139
1 0.526898 0.794625 0.179812 0.082306
2 0.465492 0.795410 0.014313 0.046875
8 0.480945 0.794833 0.015391 0.048583
13 0.512254 0.794549 0.015602 0.048403
24 0.528988 0.794354 0.017211 0.051069
3 0.569551 0.794549 0.010977 0.051069
8 0.585102 0.793215 0.015172 0.048014
2 0.600383 0.793597 0.014094 0.048778
