0 0.158333 0.267162 0.042365 0.045676
0 0.253820 0.268394 0.043057 0.043213
0 0.300000 0.269014 0.043750 0.046917
0 0.352083 0.228889 0.042365 0.028389
0 0.292708 0.199259 0.020833 0.025926
0 0.664932 0.298028 0.050000 0.077778
0 0.436112 0.519630 0.379859 0.548148
1 0.434096 0.754296 0.132068 0.061981
6 0.387130 0.750810 0.010844 0.033731
2 0.398906 0.750639 0.011219 0.035722
12 0.423021 0.750972 0.011781 0.035722
14 0.434937 0.751056 0.011500 0.035889
22 0.447367 0.750556 0.012620 0.035556
7 0.466388 0.750144 0.011401 0.034065
7 0.478159 0.750139 0.010453 0.034722
5 0.490128 0.749477 0.010651 0.035065
