0 0.468333 0.472778 0.641583 0.945556
0 0.735875 0.070556 0.160000 0.141111
0 0.929589 0.046852 0.097594 0.093704
0 0.644583 0.042407 0.072583 0.084815
0 0.860417 0.027037 0.074083 0.050370
1 0.490180 0.798954 0.237682 0.122389
5 0.410992 0.798333 0.022557 0.057463
6 0.433667 0.797301 0.021865 0.057880
28 0.464365 0.796056 0.026510 0.059537
28 0.492391 0.793370 0.027208 0.056648
10 0.521693 0.790685 0.022094 0.057056
9 0.545182 0.789856 0.022094 0.060361
9 0.568440 0.788204 0.022557 0.059537
11 0.590534 0.785931 0.021630 0.057472
