0 0.494848 0.528449 0.604262 0.710648
0 0.731549 0.284479 0.215964 0.239722
0 0.186866 0.227031 0.173403 0.224109
0 0.302292 0.215689 0.085104 0.104965
1 0.753303 0.276464 0.065877 0.026262
1 0.180447 0.232963 0.055408 0.022986
1 0.498368 0.814398 0.223698 0.077199
10 0.427322 0.814514 0.020095 0.039861
3 0.445703 0.814630 0.015295 0.041458
30 0.488398 0.812801 0.020616 0.041458
3 0.529635 0.811082 0.014774 0.041238
4 0.546988 0.809705 0.019931 0.042604
4 0.567010 0.808218 0.020790 0.040556
10 0.587882 0.806730 0.019931 0.040775
