0 0.111201 0.195681 0.133333 0.130861
0 0.041299 0.123458 0.052778 0.065435
0 0.290368 0.133333 0.102778 0.075315
0 0.045000 0.065431 0.021292 0.023454
0 0.567639 0.525926 0.864722 0.781481
1 0.819125 0.769491 0.185000 0.162222
6 0.763458 0.784847 0.018542 0.052250
3 0.779934 0.777093 0.013160 0.055130
12 0.811372 0.764894 0.016174 0.054269
21 0.828278 0.754843 0.016389 0.053685
15 0.844431 0.747954 0.016819 0.053685
5 0.868549 0.734315 0.014667 0.049389
11 0.883295 0.727426 0.014451 0.050537
8 0.898049 0.719384 0.012514 0.049380
