0 0.170686 0.316234 0.141489 0.099290
0 0.067495 0.285026 0.103193 0.087943
0 0.220684 0.302051 0.098936 0.085104
0 0.294089 0.312686 0.092554 0.095033
0 0.560046 0.549567 0.705317 0.676595
1 0.559294 0.730036 0.251538 0.084993
5 0.469780 0.724193 0.023711 0.053151
6 0.494780 0.725452 0.024570 0.054746
21 0.526306 0.724880 0.021646 0.051777
25 0.553110 0.724880 0.031270 0.053600
10 0.588418 0.724193 0.025254 0.054518
11 0.614019 0.723506 0.024912 0.052233
4 0.639531 0.724648 0.025430 0.053607
8 0.665562 0.723734 0.024912 0.054525
